-1.10733
-1.1653
0.0217318
2.26729
-0.07
-4.02173
-4.85399
1.086
9.39106
0.08
3.73417
3.95703
-1.11511
-8.27923
-0.02
1.94167
2.23091
-0.0130142
-5.34019
0.01
-1.99936
-1.96347
0.739711
4.24392
0.06
-0.158935
-2.73989
4.1035
2.66
-0.982571
0.08
0.622783
4.05513
-4.58637
-2.89571
0.79176
-0.05
-1.48337
-6.09689
3.11444
1.96032
-3.32562
-0.1
-1.11513
-0.481576
-0.0772929
0.538588
-0.696979
0.09
-0.91293
-3.90113
2.67512
0.655482
-2.76593
-0.1
-1.05526
-7.58813
3.73269
-1.04309
1.49254
-0.09
3.43288
-3.17981
-4.62381
0.576027
-2.83806
-0.07
-4.01466
4.6318
-6.03101
-1.54572
-4.08181
0.04
